6817
2250
852
4188
7258
5902
5834
8770
1895
9735
6592
9570
1315
1050
2586
3467
8081
7161
1348
4628
6194
5457
2097
8551
8403
7428
1507
617
8708
1598
7895
8278
643
9382
4103
221
1494
3091
4227
9094
9559
1688
9578
2300
3193
4845
3586
5867
361
4572
9239
5750
1537
9845
3152
3941
7910
4974
9549
7674
1664
6699
3180
5998
7082
518
9835
8669
9791
3979
5976
4395
5589
4706
3061
6305
9190
4809
6871
3032
9704
3214
3725
3953
3375
8422
349
8766
6312
6205
8698
7425
7350
5114
242
8623
5178
6510
2212
2816
4731
8473
735
6053
8533
8025
1477
7494
3517
8865
2894
9032
8194
9906
5129
1256
1568
8104
6861
9399
9151
6803
622
5297
8024
623
7547
747
4311
5123
6500
697
411
755
1194
3257
7723
2626
6302
4223
3683
7320
6267
5486
3212
1388
847
9568
2361
3886
7780
498
5357
1764
1886
463
2650
1630
9853
9048
1253
6600
4721
1692
2838
2268
6301
618
4523
4017
6101
3200
5035
8868
2513
7038
6424
5873
6964
3085
1390
2990
9270
8165
4712
100
5932
5311
3617
4251
7674
3752
4792
2129
1391
2959
6541
7943
8974
1436
3209
1417
2253
5340
6058
3447
998
4349
3275
6516
5467
2386
7618
2330
2870
2483
7474
6856
9774
1189
1729
2234
6294
1377
5412
9603
8608
1988
1159
314
6095
1267
3993
7182
9482
8680
4739
150
5724
2909
3721
4042
9960
8276
4489
1016
3129
6688
1793
5204
4632
4004
1037
4719
1111
550
3614
4034
7722
6432
3558
8615
7477
6451
7439
5204
3696
2055
8395
2117
6776
324
758
3174
1439
1094
2824
1578
6867
2209
9639
6794
3036
1505
7354
13
8863
4379
1272
3504
4800
6406
9790
8483
7236
6464
207
7792
8404
9615
8085
6472
2461
2116
1142
4444
677
6125
1059
4469
360
3032
7818
5840
3408
4879
1323
2618
611
5093
3527
3427
9030
5819
5300
5826
3056
4879
301
4230
5737
9617
6614
1123
7505
2355
1070
6289
2685
8941
6285
7645
1676
5819
6557
6042
9463
403
3157
1672
6135
2518
5599
799
2225
9827
4139
5752
9884
1442
7293
4168
2275
548
6530
5786
5590
5508
6880
7928
4955
8730
747
4006
1874
1356
9523
9355
614
7041
8411
892
8191
3892
949
4055
2196
9553
8200
265
445
1823
5699
9180
3255
5034
4412
8113
5249
8652
6129
8886
8596
4263
1024
7444
3247
7985
3314
8551
8144
6925
3538
3579
5486
210
8955
3055
5347
5642
8159
1017
4775
9417
9684
3478
5096
2024
1512
8508
8214
317
3686
4830
7018
553
6321
9579
1831
6365
125
4323
8729
9082
717
871
6457
4852
2998
2652
5026
6242
6323
5292
4814
2116
1858
6569
5498
5953
9867
1806
9353
509
4545
9924
2931
2739
3905
5102
5070
9988
6248
770
2789
8620
6113
6965
7172
2398
2651
9217
1798
8540
248
9877
6134
2901
3410
6969
5505
5802
1929
1421
6365
9374
9912
4685
9235
4314
2837
1331
9287
8667
5638
841
3016
7529
5521
5689
6387
1476
8972
6291
3938
1901
4612
1818
8370
798
4553
8539
8066
3159
3909
2107
5527
6918
1757
2109
9165
2450
6608
2844
551
596
3773
3803
5847
8099
4386
7687
6618
6043
271
7525
3626
7256
200
9629
6439
4037
9257
9890
576
987
8996
3309
4491
9480
646
2134
8452
9679
4071
1279
4274
1045
1168
6316
8517
5263
4263
8146
6828
693
1910
2523
1475
3635
5754
1524
2345
5196
5591
8179
2031
3163
3337
3960
3965
2920
9333
3310
1327
7956
222
2782
1036
7729
4483
4593
8247
4256
1077
2304
3022
9816
1047
1866
9456
3648
3278
8689
9404
6793
8584
6785
5924
251
7433
6910
6320
7851
3280
217
2175
8261
7976
2510
9385
1996
5402
6637
8768
8139
4160
548
5860
4423
9188
309
9461
4227
1607
8153
2723
8047
5982
8449
8690
639
7463
1172
9434
8867
5993
2554
1050
6232
3449
8675
6492
3866
8041
9909
2628
4292
8971
2369
9826
1062
9555
1057
263
1857
8042
5296
9267
67
7359
3109
8493
490
3912
9198
1229
1366
2230
3637
4835
4143
4934
1745
3210
1119
1428
3788
5431
5230
730
9788
6715
5577
5911
3745
4696
5758
938
9722
8641
7879
829
260
5913
5536
1071
4800
2973
4119
5082
4207
5774
815
9971
9548
4279
3184
4159
1111
3021
4878
658
9626
2436
9076
2675
7017
6062
5566
8604
2411
62
752
1102
4239
5787
8983
3713
4221
7872
2137
920
1995
4032
8811
6931
8472
2807
7183
3998
9784
3435
9976
4071
4429
6369
9564
2733
6702
2988
6020
6324
4471
7105
5715
4324
8636
4726
177
1121
5147
3817
4483
7414
8493
6668
1320
4827
6921
845
5138
8021
4550
7204
7887
5676
8474
4982
8484
8408
3987
7159
4389
5220
2705
9564
4083
6149
2559
6014
4114
3700
4268
2379
5878
8327
9466
8630
1738
8446
8515
719
7100
7576
7874
2429
3192
374
9845
583
9408
3783
3789
8562
7605
4659
6655
516
3636
2820
1675
5720
4416
7886
4678
6555
7863
7871
6566
6771
9412
2656
6601
5967
7073
8380
5458
8200
2439
6664
2050
8103
9748
1952
3119
3601
7543
1075
6227
5789
410
7364
52
1719
3356
8098
1819
9212
8347
1841
5267
7637
9851
4743
3105
4801
7701
5427
4650
6443
7807
967
3477
667
3668
8198
4109
1672
8848
3992
7027
7803
9657
3403
4063
8271
9149
8884
9136
3940
2453
6419
4728
866
7443
6852
7741
6139
8685
4802
989
8458
1509
1030
3809
2119
1668
5405
6220
3660
4771
1047
4513
8178
70
1228
3567
7284
3925
2345
1594
1189
3656
8344
4214
4718
8991
5534
7922
8831
187
6781
4959
3527
989
5658
4508
9407
7848
6217
5808
2544
2037
9508
7746
117
1764
683
2328
6075
1545
85
2283
6820
6091
7348
5795
5323
8004
8679
8212
771
3749
3000
4165
8584
9450
8934
8136
9222
3717
9310
8523
6872
8186
322
5483
4153
1046
779
1119
1687
3533
7051
5272
405
6319
7131
4547
3487
6150
3203
343
9560
3598
9512
6658
3584
8001
9007
2699
1538
8734
7008
9891
4457
8885
6774
7390
8258
962
2594
183
8188
3892
9775
597
7820
9929
2241
1496
733
6280
1895
1023
6453
5466
3903
1450
4291
4069
6776
1047
4005
8471
3235
7900
7174
1372
6739
9375
3891
2955
1475
7093
4990
3811
5558
1717
892
1246
922
9369
8314
5455
9238
304
1981
7565
7363
1938
774
6972
3734
2722
2308
6676
235
5657
7747
3264
4013
8628
7490
3494
9010
3836
34
6190
8884
782
9451
7728
2794
1191
8169
9534
2757
9630
9443
955
5398
1230
6956
2328
6061
8974
5714
1305
9148
3102
3172
9400
7706
9120
6001
4645
7011
6721
5755
7352
540
8931
5019
1269
5205
8056
8734
8587
6984
9373
6316
3017
3501
3904
2233
109
3280
6576
3429
8107
7594
8096
1886
2150
8123
3175
2325
3006
9370
3623
2622
8582
6675
6295
3264
3232
79
4208
8109
7640
1058
6176
9996
7482
2285
7790
7794
592
8707
9404
6831
6412
1113
5618
1220
703
1543
3500
6818
1891
9707
7698
2877
6603
9740
9744
3504
4501
124
3169
4778
6233
3543
9789
519
2161
4984
4188
1353
6645
2571
1510
8053
4242
4317
5272
8602
3830
5119
8581
6683
9994
5818
8439
782
5772
9244
3024
6141
5753
8368
5794
4874
2627
60
3222
6672
7828
8900
7037
3892
8512
3276
7025
5386
1968
3194
8919
9396
7968
8922
1236
1558
4118
6395
8249
356
973
6279
6540
3516
3550
7055
5572
512
6682
709
4417
7324
2903
19
533
6567
340
6873
6147
1252
3530
6180
7427
6727
6081
7978
5950
1445
5804
3602
9196
5156
9522
9743
3992
1265
3962
8926
4109
2913
2802
3957
1920
1551
6588
891
4057
5156
7446
4679
1599
2661
7972
976
1198
8758
4540
1571
6792
5436
3790
3331
1509
7313
8366
5275
536
5104
2943
5151
6689
7536
7214
4097
2200
1277
8760
3311
5292
5505
2489
1673
9288
2226
9474
5536
9823
6198
7142
5258
6676
81
4833
4146
1432
8607
8406
5997
5920
6237
3299
8359
8818
4817
5059
2332
9213
6362
64
7906
787
2977
6162
4115
8628
5439
5001
3049
1847
905
8083
4594
871
5703
3194
2019
824
5394
5053
5033
4676
9355
1113
6907
983
5752
8292
4138
9939
7609
9703
9610
2945
1017
7605
7003
1509
6608
4907
144
4620
7429
8422
3472
1973
9793
8476
5515
4233
6383
1320
6196
344
7631
6998
3293
3553
4841
8934
8497
7838
6815
9792
5306
8922
8188
5685
5202
7296
3768
5758
7191
6961
1997
4212
5112
1697
8228
6603
6892
3247
9800
2683
9138
272
173
6812
3826
5446
6937
3005
9746
6738
7440
2001
1014
2307
5390
4600
4559
7545
1436
4341
1971
8251
8086
2705
4829
6033
4500
7387
2715
79
708
7178
5510
7407
2824
5313
1487
922
635
8045
7668
8994
5967
1566
5025
6703
9667
7631
2900
7428
448
4708
4489
7645
5794
5632
996
1800
7716
4288
7548
3021
7572
9032
9460
8891
1558
7511
166
2960
6388
377
185
436
3890
1833
6801
8579
7247
641
1141
7013
1992
3712
9611
2412
9687
4214
4128
89
2265
6303
3636
6540
9118
1177
2785
3398
5433
9316
8333
316
342
550
4293
522
6731
776
57
4594
471
1824
2407
6544
6968
507
3695
43
4905
4887
5925
6650
9768
2858
6373
544
9493
6835
9137
8117
3094
8587
1366
2787
3719
8519
557
2938
3695
7901
1613
2784
7598
3217
3949
4153
8595
907
6199
4078
7146
406
1976
9149
6466
839
1173
4285
5469
9032
8983
4477
8016
3712
8855
7576
6154
7825
292
454
1650
9614
7137
1058
6505
3751
9916
2291
3054
8402
5417
4522
2000
728
7117
1383
5614
3801
1654
3080
7499
13
5640
8912
7165
4360
5026
2927
8228
3288
2799
227
2440
7678
2649
1179
1259
7703
3144
5652
4317
38
6359
3858
2606
6560
6215
8829
4223
1428
45
6021
8209
1413
167
6035
6639
7045
6029
7325
1480
8511
7858
662
3588
4241
1161
6544
5288
8469
628
7678
7956
7194
6407
9419
7481
9044
9499
1265
8712
236
6207
9207
8406
7029
985
9546
1675
4637
7514
6086
3274
1499
5696
1409
5163
9148
485
36
8372
6660
724
1399
7254
8387
8652
536
6803
3045
9660
1208
2910
7350
8046
914
6859
3649
8705
3784
5397
1747
8255
5276
3486
4544
7629
2232
1793
6513
7937
5547
5635
5417
3085
4385
7352
6163
3817
157
1570
1994
6207
2118
2245
9988
432
4987
4902
1644
2036
8435
8273
9338
4063
4789
9817
1410
7695
5009
1658
758
2689
5114
1306
984
1267
2369
6414
9663
6228
303
2970
2677
4296
1598
416
8028
7384
757
2106
3755
4438
4814
5506
6169
5853
4277
3038
2436
615
7295
9001
2973
3129
6068
5420
2260
1721
7115
6460
4796
5776
4817
2861
3467
9994
6134
3893
6865
9113
2948
6635
2690
4425
8012
2301
5921
6255
1887
865
6810
5099
1734
9843
4860
9165
9214
3406
6562
868
8483
6758
5613
9216
6776
7185
7920
7193
817
2662
9703
5049
7165
4109
6788
1348
6035
8006
3751
6712
9383
6
186
1839
6217
7564
8406
2241
6203
1314
2470
8551
2381
6879
4246
5706
8727
6825
9095
9194
6018
4216
5554
3595
6435
7493
4758
7385
1269
7313
7712
8540
194
4946
6630
9414
1646
2760
7728
7593
3344
7710
2659
5111
2093
2316
6507
3553
8403
8698
7365
5584
2831
142
4902
1394
2267
8070
1867
556
6119
5618
8639
3663
9251
3144
9570
6789
4903
8251
300
6922
2720
1078
3694
9303
6439
2465
4288
1081
5502
1590
8125
4608
1674
3246
7432
9460
7704
2165
8041
7602
9214
6972
2215
8356
8463
8733
6260
4655
505
2952
9408
4246
8927
4828
3099
3484
9422
2114
6330
8838
7599
9395
8404
8254
5208
9978
2826
5972
6783
9764
8354
6927
4828
9028
8559
193
4921
8163
4750
6889
1928
2788
3278
1234
3122
1478
2573
9641
5896
4354
4844
7676
2519
1925
670
9053
6173
695
8226
7830
6802
2537
9898
4118
6534
5854
7624
6361
2853
576
8980
5574
665
1283
5436
9362
3500
3479
1065
4579
8583
3351
3337
6287
8092
4062
943
8786
6829
5225
6051
1581
6184
5639
9287
2124
1360
4222
6727
2352
2088
2135
971
7771
2254
5433
8093
6139
6865
6051
466
6765
5713
5011
7463
8387
130
4132
1402
7008
7916
5316
9297
1215
6898
5139
1930
7652
7229
5879
2001
4730
3781
365
4647
5036
8283
1258
4053
1679
6502
5599
221
9628
136
5499
7065
7468
1420
8970
9187
2427
7326
6043
9088
3695
1543
5712
4794
6690
8211
7886
200
7099
5361
692
9596
9276
3478
6393
9769
5828
2078
6606
8206
1108
7041
8722
4084
9310
6254
9972
5920
8697
6535
8691
4293
2993
4168
6658
8905
5436
2101
6231
6210
7319
9215
7586
2813
2175
2402
603
2443
1036
7742
5060
5929
4120
5984
7070
2474
9485
6909
1255
3539
3867
4858
1648
3266
1865
219
7245
7356
2099
4054
1974
8194
2514
8707
6011
9439
8250
8547
6980
9233
9437
3065
5638
945
6108
8809
177
7633
5789
6476
7030
5329
8856
6061
9126
4141
491
8467
1318
2119
6014
1612
5263
332
5329
4290
3009
4182
657
332
6471
9422
4729
4068
2838
7243
325
0
5184
2427
4722
4591
7445
7853
5921
3730
4249
4409
9083
5701
4880
1629
3839
5769
1877
372
7030
4239
3130
917
2263
6659
3098
7878
5558
8850
9530
138
7143
217
3135
3550
320
4107
2697
4428
1693
7119
5500
5530
1821
3284
3759
147
3194
9794
8589
5711
7398
5487
6809
3793
7840
5850
3439
1613
5590
7895
2966
9956
4389
9559
8753
4605
2315
3364
2900
8562
9134
3046
1060
8596
421
3893
4375
2348
692
4091
8219
7936
5925
9077
707
157
2337
5910
5867
4663
6719
744
3740
1162
4067
1312
8123
6684
424
2108
828
818
4184
5564
5685
3132
2551
1883
9997
9565
6320
1640
7283
9546
7095
8421
6538
7823
2974
5467
2290
2552
1923
168
2226
419
9863
6231
7985
3920
9721
2074
4869
3761
4992
4389
7235
8020
4343
6538
916
9626
6003
3821
6856
2787
625
6772
9972
376
1194
2381
7751
6965
7480
7180
6059
4417
9266
1903
1991
5579
2963
1327
8497
2211
4745
7445
3985
850
9770
3543
4832
7399
6865
1534
623
1470
9429
6549
7077
1423
1834
2096
3488
1633
6593
1655
1580
6761
3786
893
337
3139
9659
3153
1862
2395
56
3120
644
3161
3042
4741
3734
4215
2429
3055
9788
4096
7960
7885
8255
7814
2401
1896
4191
448
737
3101
792
1934
2835
6661
3778
4843
1011
3299
9879
4654
9169
282
9616
4925
6116
3417
2873
8254
8763
3412
7875
9963
1919
5375
8664
1810
9444
2201
5081
1254
5950
7731
1331
8181
2049
4492
4544
7943
9856
2698
1369
3280
6535
8823
6633
5874
6516
5158
2589
5442
5024
2512
9688
5636
1164
5935
4355
7638
4086
935
2369
6327
2235
1212
8433
8546
694
2212
685
5723
1879
7609
5775
6132
4767
8091
2322
7004
1079
6000
5878
3189
480
2777
5566
752
2933
5682
3140
7928
188
2229
9757
7719
748
9613
726
7049
1881
386
7453
3963
2762
645
5517
5167
2700
3017
977
9743
4735
4396
5161
8300
6878
241
8986
7826
140
2508
5648
9945
730
5625
9263
7531
453
5897
8967
3965
8892
5001
3878
3132
8511
7457
6615
3909
6370
9078
3496
1776
3201
6813
6553
9482
2574
9629
9328
2350
4583
1327
4746
3600
5058
3941
8220
5622
9722
3796
4007
18
803
9631
8122
960
7928
8897
3314
6777
7991
5895
108
4994
9890
1624
762
500
374
6417
9876
9592
632
5025
7046
1951
6939
1774
5880
1435
6590
8995
4187
2126
3411
8327
3582
6157
1099
6010
7328
3600
7708
5070
3745
105
2260
4048
4065
5918
1591
4066
170
4389
181
6182
889
6187
7239
1721
5366
5968
8551
5929
5478
5603
9183
3396
5526
6150
5434
6031
968
3149
9847
8560
8602
7961
4029
201
497
4091
2888
7986
7925
1287
1728
33
2758
3111
1066
6632
5244
5144
3576
4603
1052
6854
9132
6620
358
5967
6779
5685
1355
4694
988
7505
3948
6598
1535
6664
8718
736
5802
6566
6378
2276
4367
5510
2065
7096
2121
6080
8188
3336
9861
2076
3729
7114
1822
881
7185
1148
5505
7375
2175
2093
6991
4421
3931
9588
5840
1168
5500
5281
7988
2577
253
6622
6852
3738
2478
6434
8920
613
5755
9106
8690
4912
6777
3972
1464
3352
7421
2737
2943
2673
3687
5094
1986
4096
2763
4568
866
2326
240
1441
8216
3529
2561
8299
2389
2032
9858
1320
4586
1034
6477
8524
4948
9004
3129
1112
6927
9094
5052
771
7403
7760
2151
470
4428
4070
9424
7669
9163
8589
7037
5989
3898
5921
8268
6463
6741
2525
3087
831
4740
1013
1941
7865
3581
5891
3892
1497
1590
797
8338
1733
6056
9807
4820
225
4159
5707
2333
2718
749
7321
6039
7281
7791
5740
4192
9868
5704
1827
5980
8827
25
1193
9848
1181
3714
6330
687
5820
465
8002
6901
859
873
1667
6096
2475
319
4850
4487
7161
6190
271
6691
9144
8282
5696
370
7991
5905
4377
2202
7903
8494
7321
1402
8204
7767
1300
6332
869
870
2457
9287
4761
7732
4799
210
3047
8257
3073
9378
986
9921
5507
5908
2767
5088
319
5766
5141
3078
8577
5743
9568
742
11
2031
7930
5520
389
7601
4103
486
7541
398
8899
9564
4152
7755
6922
8344
5802
4802
9667
505
7639
1806
6650
5829
4414
5567
8569
9194
3103
750
8818
5030
8513
3739
5371
2241
194
9026
5319
7912
8300
9515
1725
1733
6688
6049
3223
1913
4562
2730
7289
332
9921
5749
92
9900
9121
4467
2278
7073
9527
6091
7640
5969
7888
5249
1284
